-2.0 -0.1
-2.0 -0.1
-1.9 -0.6
-1.9 -0.7
-1.6 -1.1
-1.6 -1.2
-1.9 -0.6
-1.9 -0.7
-1.6 -1.1
-1.6 -1.2
-1.4 -1.5
-1.6 -1.3
-1.5 -1.3
-1.4 -1.4
-1.4 -1.4
-1.3 -1.5
-1.2 -1.6
-1.0 -1.7
-0.9 -1.8
-0.2 -2.0
-0.2 -2.0
-0.3 -2.0
0.0 -2.0
0.2 -2.0
0.1 -2.0
0.2 -2.0
0.2 -2.0
0.3 -2.0
-0.2 -2.0
-0.2 -2.0
-0.3 -2.0
0.0 -2.0
0.2 -2.0
0.1 -2.0
0.2 -2.0
0.2 -2.0
0.3 -2.0
-0.2 -2.0
-0.2 -2.0
-0.3 -2.0
0.0 -2.0
0.2 -2.0
0.1 -2.0
0.2 -2.0
0.2 -2.0
0.3 -2.0
0.0 -2.0
0.2 -2.0
0.1 -2.0
0.2 -2.0
0.2 -2.0
0.3 -2.0
-0.2 -2.0
-0.2 -2.0
-0.3 -2.0
0.0 -2.0
0.2 -2.0
0.1 -2.0
-0.2 -2.0
-0.2 -2.0
-0.3 -2.0
0.0 -2.0
0.2 -2.0
0.1 -2.0
0.7 -1.9
0.8 -1.8
0.8 -1.8
0.9 -1.8
1.6 -1.2
1.6 -1.2
1.7 -1.1
1.7 -1.0
1.7 -1.0
1.8 -0.9
1.8 -1.0
1.8 -0.9
1.9 -0.5
2.0 -0.3
2.0 -0.2
2.0 -0.1
2.0 -0.3
2.0 -0.2
2.0 -0.1
2.0 0.1
2.0 0.1
2.0 0.3
2.0 0.3
1.9 0.7
2.0 0.0
1.8 0.8
1.7 1.1
1.6 1.2
1.6 1.2
1.5 1.3
1.2 1.6
0.9 1.8
0.7 1.9
0.7 1.9
0.6 1.9
0.8 1.8
0.7 1.9
0.6 1.9
0.8 1.8
0.3 2.0
0.3 2.0
0.3 2.0
0.2 2.0
0.4 2.0
0.2 2.0
0.4 2.0
0.1 2.0
-0.1 2.0
-0.2 2.0
-0.1 2.0
-0.1 2.0
-0.2 2.0
-0.1 2.0
-0.1 2.0
-0.2 2.0
-0.1 2.0
0.2 2.0
0.4 2.0
0.1 2.0
-0.1 2.0
-0.2 2.0
-0.1 2.0
-0.1 2.0
-0.2 2.0
-0.1 2.0
-0.1 2.0
-0.2 2.0
-0.1 2.0
-0.3 2.0
-0.3 2.0
-0.8 1.8
-0.5 1.9
0.1 2.0
0.2 2.0
0.1 2.0
0.1 2.0
-0.1 2.0
-0.2 2.0
-0.1 2.0
-0.1 2.0
-0.6 1.9
-0.6 1.9
-0.7 1.9
-0.4 2.0
0.5 1.9
-0.9 1.8
-0.5 1.9
-1.0 1.7
-1.1 1.7
-1.6 1.3
-1.6 1.2
-2.0 0.4
-2.0 0.3
-2.0 0.2
-2.0 0.2
-2.0 0.1
-2.0 0.2
-2.0 0.2
-2.0 0.1
