-1.4 -1.4
-1.4 -1.4
-1.4 -1.4
-1.4 -1.4
-1.4 -1.4
-0.8 -1.8
-1.4 -1.4
-1.4 -1.4
-1.4 -1.4
-1.4 -1.4
-1.4 -1.4
-1.4 -1.4
-1.4 -1.4
-0.8 -1.8
1.4 -1.4
-1.4 -1.4
1.4 -1.4
-1.4 -1.4
1.4 -1.4
-1.4 -1.4
-1.4 -1.4
1.4 -1.4
-1.4 -1.4
1.4 -1.4
-1.4 -1.4
1.4 -1.4
-1.4 -1.4
-1.4 -1.4
1.4 -1.4
-1.4 -1.4
-1.4 -1.4
1.4 -1.4
-1.4 -1.4
1.4 -1.4
-1.4 -1.4
1.4 -1.4
-1.4 -1.4
1.4 -1.4
-1.4 -1.4
1.4 -1.4
1.4 -1.4
-1.4 -1.4
1.4 -1.4
-1.4 -1.4
1.4 -1.4
-1.4 -1.4
1.4 -1.4
-1.4 -1.4
1.4 -1.4
-1.4 -1.4
1.4 -1.4
-1.4 -1.4
1.4 -1.4
-1.4 -1.4
1.4 -1.4
-1.4 -1.4
1.4 -1.4
-1.4 -1.4
1.4 -1.4
-1.4 -1.4
1.4 -1.4
-1.4 -1.4
1.4 -1.4
-1.4 -1.4
1.4 -1.4
1.4 -1.4
1.4 -1.4
1.4 -1.4
1.4 -1.4
1.4 -1.4
0.3 -2.0
-1.4 -1.4
-1.4 -1.4
-1.4 -1.4
1.4 -1.4
1.4 1.4
1.4 -1.4
1.4 -1.4
1.4 -1.4
1.4 -1.4
1.4 1.4
1.4 -1.4
1.4 1.4
1.4 -1.4
1.4 1.4
1.4 -1.4
1.4 1.4
1.4 -1.4
1.4 1.4
1.4 -1.4
1.4 1.4
1.4 -1.4
1.4 -1.4
1.4 1.4
1.4 1.4
1.4 1.4
1.4 1.4
1.4 1.4
-1.4 1.4
1.4 1.4
-1.4 1.4
1.4 1.4
-1.4 1.4
1.4 1.4
1.4 1.4
1.4 1.4
1.4 1.4
1.4 1.4
1.4 1.4
1.4 1.4
1.4 1.4
-1.4 1.4
-1.4 1.4
1.4 1.4
1.4 1.4
1.4 1.4
-1.4 1.4
-1.4 1.4
1.4 1.4
1.4 1.4
-1.4 1.4
1.4 1.4
1.4 1.4
1.4 1.4
1.4 1.4
1.4 1.4
-1.4 1.4
-1.4 1.4
1.4 1.4
1.4 1.4
-1.4 1.4
1.4 1.4
-1.4 1.4
1.4 1.4
-1.4 1.4
1.4 1.4
-1.4 1.4
1.4 1.4
-1.4 1.4
1.4 1.4
-1.4 1.4
-1.4 1.4
-1.4 1.4
-1.4 1.4
1.4 1.4
-1.4 1.4
1.4 1.4
-1.4 1.4
-1.4 1.4
-1.4 1.4
1.4 1.4
1.4 1.4
-1.4 1.4
-1.4 1.4
-1.4 1.4
1.4 1.4
-1.4 1.4
-1.4 1.4
-1.4 1.4
-1.4 1.4
-1.4 1.4
1.4 1.4
-1.4 1.4
-1.4 1.4
-1.4 1.4
-1.4 1.4
-1.4 1.4
-1.4 1.4
-1.4 1.4
-1.4 1.4
-1.4 1.4
-1.4 1.4
-1.4 1.4
-1.4 1.4
-1.4 1.4
-2.0 0.3





