1.4 -1.4
1.4 -1.4
1.4 -1.4
1.4 -1.4
1.4 -1.4
1.4 1.4
1.7 -1.1
1.6 -1.2
-1.4 -1.4
1.4 -1.4
-1.4 -1.4
-1.4 -1.4
1.4 -1.4
1.4 -1.4
-1.4 -1.4
1.4 -1.4
1.4 -1.4
-1.4 -1.4
1.4 -1.4
1.4 -1.4
1.4 -1.4
1.9 0.5
1.4 1.4
1.4 -1.4
1.4 -1.4
1.4 -1.4
1.4 -1.4
1.4 -1.4
1.4 1.4
1.4 1.4
1.4 -1.4
1.9 -0.7
1.4 1.4
1.4 1.4
1.4 -1.4
1.4 1.4
1.4 -1.4
1.4 1.4
1.5 -1.3
1.4 1.4
1.4 -1.4
1.4 1.4
1.4 -1.4
1.4 -1.4
1.4 1.4
-1.2 1.6
0.8 1.8
1.4 1.4
1.5 -1.3
1.4 1.4
-1.4 1.4
0.9 1.8
1.4 -1.4
1.4 -1.4
1.4 1.4
1.4 1.4
1.4 1.4
1.4 -1.4
1.4 1.4
1.4 -1.4
-1.4 1.4
1.4 1.4
0.0 2.0
-1.4 1.4
-1.4 1.4
1.4 1.4
1.4 1.4
-1.5 1.3
1.4 1.4
-1.4 1.4
1.4 1.4
-1.4 1.4
-0.9 1.8
1.4 1.4
-1.4 1.4
1.4 1.4
-0.4 2.0
-1.4 1.4
-1.4 1.4
1.4 1.4
-1.4 1.4
1.4 -1.4
1.4 1.4
-1.4 1.4
-1.4 1.4
-1.4 1.4
-1.4 1.4
-1.4 1.4
1.4 1.4
-1.4 1.4
-1.4 1.4
-0.2 2.0
-1.4 -1.4
-1.4 1.4
-1.4 1.4
-1.4 1.4
-1.4 1.4
-1.4 1.4
-1.4 1.4
-1.4 1.4
-1.4 -1.4
-1.4 1.4
-1.4 -1.4
-1.4 -1.4
-1.4 1.4
-1.4 -1.4
-1.4 -1.4
-1.4 1.4
-1.5 -1.3
-1.4 -1.4
-1.4 -1.4
-1.4 1.4
-1.4 1.4
0.7 1.9
-0.4 2.0
-1.4 -1.4
1.4 -1.4
-1.4 1.4
-1.4 1.4
-1.4 -1.4
-1.7 1.0
-1.4 -1.4
-1.4 -1.4
0.1 -2.0
-1.4 -1.4
1.4 -1.4
-1.4 -1.4
1.4 -1.4
-1.4 -1.4
-0.8 -1.8
-1.4 -1.4
-1.6 -1.2
-1.4 -1.4
-1.4 -1.4
-1.4 -1.4
0.7 -1.9
1.4 -1.4
-1.4 -1.4
-1.4 -1.4
-1.4 -1.4
-1.4 -1.4
-0.7 -1.9
-1.4 -1.4
