-1.4 -1.4
-1.4 1.4
-1.4 -1.4
-1.4 1.4
-1.4 -1.4
-1.4 1.4
-1.4 -1.4
-1.4 1.4
-1.4 -1.4
-1.4 -1.4
-1.4 -1.4
-1.4 -1.4
-1.4 -1.4
-1.4 1.4
-1.4 -1.4
-1.4 -1.4
-1.4 -1.4
-1.4 -1.4
-1.4 -1.4
-1.4 -1.4
1.4 -1.4
-1.4 -1.4
1.4 -1.4
-1.4 -1.4
1.4 -1.4
-1.4 -1.4
1.4 -1.4
-1.4 -1.4
-1.4 -1.4
1.4 -1.4
-1.4 -1.4
1.4 -1.4
-1.4 -1.4
1.4 -1.4
-1.4 -1.4
1.4 -1.4
-1.4 -1.4
1.4 -1.4
-1.4 -1.4
-1.4 -1.4
1.4 -1.4
-1.4 -1.4
1.4 -1.4
-1.4 -1.4
1.4 -1.4
1.4 -1.4
-1.4 -1.4
1.4 -1.4
-1.4 -1.4
1.4 -1.4
-1.4 -1.4
1.4 -1.4
1.4 -1.4
-1.4 -1.4
1.4 -1.4
-1.4 -1.4
1.4 -1.4
-1.4 -1.4
1.4 -1.4
-1.4 -1.4
1.4 -1.4
-1.4 -1.4
1.4 -1.4
-1.4 -1.4
-1.4 -1.4
1.4 -1.4
-1.4 -1.4
1.4 -1.4
-1.4 -1.4
1.4 -1.4
-1.4 -1.4
-1.4 -1.4
1.4 -1.4
-1.4 -1.4
1.4 -1.4
-1.4 -1.4
1.4 -1.4
-1.4 -1.4
1.4 -1.4
-1.4 -1.4
1.4 -1.4
1.4 -1.4
1.4 -1.4
-1.4 -1.4
1.4 -1.4
-1.4 -1.4
1.4 -1.4
-1.4 -1.4
1.4 -1.4
-1.4 -1.4
1.4 -1.4
1.4 -1.4
1.4 -1.4
1.4 -1.4
-1.4 -1.4
1.4 -1.4
1.4 -1.4
1.4 -1.4
1.4 -1.4
1.4 1.4
1.4 1.4
1.4 -1.4
1.4 -1.4
1.4 -1.4
1.4 1.4
1.4 -1.4
1.4 1.4
1.4 -1.4
1.4 1.4
1.4 -1.4
1.4 1.4
1.4 -1.4
1.4 1.4
1.4 -1.4
1.4 1.4
1.4 -1.4
1.4 1.4
1.4 1.4
1.4 1.4
1.4 -1.4
1.4 1.4
1.4 1.4
1.4 1.4
1.4 -1.4
1.4 1.4
1.4 1.4
1.4 1.4
1.4 1.4
1.4 1.4
1.4 -1.4
1.4 1.4
1.4 -1.4
1.4 1.4
-1.4 1.4
1.4 1.4
-1.4 1.4
1.4 1.4
-1.4 1.4
1.4 1.4
-1.4 1.4
1.4 1.4
1.4 1.4
-1.4 1.4
1.4 1.4
-1.4 1.4
1.4 1.4
-1.4 1.4
1.4 1.4
-1.4 1.4
1.4 1.4
-1.4 1.4
1.4 1.4
-1.4 1.4
1.4 1.4
-1.4 1.4
1.4 1.4
-1.4 1.4
1.4 1.4
-1.4 1.4
1.4 1.4
1.4 1.4
-1.4 1.4
1.4 1.4
-1.4 1.4
1.4 1.4
-1.4 1.4
1.4 1.4
-1.4 1.4
1.4 1.4
-1.4 1.4
-1.4 1.4
1.4 1.4
-1.4 1.4
1.4 1.4
-1.4 1.4
1.4 1.4
-1.4 1.4
1.4 1.4
1.4 1.4
-1.4 1.4
1.4 1.4
-1.4 1.4
1.4 1.4
-1.4 1.4
1.4 1.4
-1.4 1.4
1.4 1.4
-1.4 1.4
1.4 1.4
-1.4 1.4
1.4 1.4
-1.4 1.4
1.4 1.4
-1.4 1.4
1.4 1.4
-1.4 1.4
1.4 1.4
-1.4 1.4
1.4 1.4
-1.4 1.4
1.4 1.4
-1.4 1.4
1.4 1.4
-1.4 1.4
-1.4 1.4
-1.4 1.4
-1.0 1.7
0.3 2.0
-1.4 -1.4
-1.4 1.4
-1.4 1.4
-1.4 1.4
-1.4 1.4
-1.4 1.4
-1.4 1.4
-1.4 1.4
-1.4 -1.4
-1.4 -1.4
-2.0 -0.1
-1.4 1.4
-1.4 -1.4
-1.4 1.4
-1.4 1.4
-1.4 -1.4
-1.4 1.4
-1.4 1.4

